reps=array([12., 13.,  9., 13., 13., 24., 12., 20., 13., 12., 12., 12., 12.,
       12., 12., 12., 12.,  9., 12., 12., 25., 25., 12.,  6., 12., 30.,
       13.,  7., 33., 11.,  2.,  7.,  0., 28., 39., 31., 24.,  5., 11.,
       13., 17., 12., 32., 20.,  8.,  9.,  7., 39., 12., 12., 12., 12.,
       13., 13., 12., 12., 12., 12., 13., 27., 12., 12., 24., 12., 12.,
       12., 12., 15., 30., 30., 12., 12., 12., 12., 12., 12., 12., 12.,
       12., 12., 17., 33.,  3., 32.,  2., 12.,  9., 15., 12., 12., 27.,
       20., 29., 31., 33., 17., 33., 34., 16., 15.,  4.,  7., 12., 33.,
       16., 29., 27.,  8., 32., 33., 31., 18., 39., 31., 12., 31.,  9.,
       17.,  3., 28., 11., 25., 12., 12.,  3., 17., 12., 30.,  9., 30.,
       30., 27., 12., 13., 25.,  3., 25.,  1., 12., 28., 12., 11., 39.,
       12., 27., 12., 24.,  7., 33.,  9., 29.,  2., 31., 13., 24.,  6.,
       12., 13., 17., 20., 12.,  9., 13., 12., 12., 12., 12., 12., 31.,
       30.,  6., 12., 12., 12., 13., 33., 12., 12., 12., 12.,  0., 30.,
       28., 12., 12., 11., 12., 12., 31., 12., 12., 12., 30.,  5., 12.,
       13., 12., 12., 12., 12., 12., 12., 12., 12., 12., 12., 30.,  6.,
        6., 28., 30., 31., 33., 17., 31., 30.,  7., 34., 17., 12., 13.,
       30., 33., 17., 30., 13., 30.,  6.,  2., 31., 29., 34., 12., 11.,
       31., 31., 13., 30., 30., 17.,  2., 15.,  7., 13., 30.,  6., 25.,
       12., 12., 11.,  4.,  6., 16.,  2., 29., 11.,  3., 11., 11., 11.,
       25., 33., 33., 32., 12., 12.,  2., 20.,  7., 17.,  1., 12., 28.,
       31., 13., 32., 12., 12., 13., 10., 11., 12., 27., 30., 12., 11.,
       12.,  2., 27., 24., 11., 30.,  9.,  2.,  9.,  6., 12., 12., 11.,
       30., 13., 17.,  4., 12.,  9., 12., 12., 30., 12., 12., 18., 12.,
       13., 12., 12., 12., 12., 20.,  8.,  4., 12., 16., 12.,  9., 12.,
       33., 13., 12., 12., 12., 20., 12., 28.,  9., 12., 33., 27., 12.,
       30.,  5., 33.,  4., 16.,  1., 18., 16., 11.,  9., 12., 13., 12.,
       12., 25., 20., 12., 30., 12., 12., 12., 12., 12., 12., 12., 12.,
        5., 12., 12., 12., 18., 30., 10., 28., 15., 17., 33., 25., 12.,
       30., 17., 13., 11., 32., 30., 34., 30., 11., 15., 27.,  1., 12.,
       12., 16.,  1., 11., 12., 12.,  6., 12., 12.,  6., 26.,  9., 12.,
       12., 26., 13., 12.,  9., 13., 12., 12., 30., 13., 12., 12., 12.,
       12., 12., 12., 12., 13., 12.,  3., 31., 12.,  3., 30., 29., 30.,
       18., 12., 11., 18., 30., 30., 36., 12., 13., 18.,  4., 12., 12.,
       11., 12.,  3., 31., 12., 11., 31., 11., 29., 29., 11., 12., 12.,
       12., 30.,  4., 30., 30., 11., 12., 12., 13., 12., 12., 12., 12.,
       30., 12., 12., 12., 38., 12., 12.,  4., 12., 12.,  1., 12.,  3.,
        7., 31., 38.,  3.,  6., 12.,  6., 21., 11., 11., 11., 11., 11.,
       11., 11., 11., 11., 11., 11.,  6., 11., 29., 11., 11., 11., 11.,
       11., 13., 11., 11., 11., 11., 11.,  4.,  6., 11., 12., 11., 11.,
       13., 11., 11., 29., 11., 11., 11., 18., 18., 29., 10., 11., 11.,
       11., 11., 11., 11., 11., 11.,  0.,  6., 12.,  5.,  7., 11., 11.,
        6., 11., 18., 11., 13.,  4., 30., 13., 17., 30., 31.,  6., 28.,
       33., 31., 30., 30., 31., 31., 13., 31., 13., 13., 31., 30., 13.,
        6., 12., 13., 13., 13., 13., 13., 12., 31., 31.,  2., 13., 27.,
        5., 13., 34., 11., 31., 26., 13., 13., 13., 13., 31., 21.,  7.,
        6., 31., 29., 13., 12., 13., 30., 13., 30., 30., 27.,  6., 13.,
       13., 13., 12., 13., 13., 30., 30., 30., 25., 13., 20., 20., 20.,
       20., 20., 20., 20., 20., 20.,  3., 20., 33., 20., 20., 20., 20.,
       18., 32., 33., 20., 20., 20., 12., 20., 20., 20., 33., 20., 25.,
       20., 32., 20., 20., 20., 20., 20., 20., 20., 31., 20., 31., 20.,
       33., 34., 34.,  2., 20., 30., 20., 20., 20., 20., 31., 20., 33.,
       31., 20., 25., 33., 20., 20., 25., 20., 33.,  3., 20., 32., 20.,
       20.,  6., 20., 20., 34., 30., 31., 20., 18., 20., 20., 26., 20.,
       20., 30., 13.,  2., 33.,  2., 32., 27., 29.,  2.,  2., 12.,  2.,
        2., 20.])

diverged=array([  30.,   42.,   48.,   49.,   52.,   96.,  127.,  138.,  150.,
        152.,  154.,  161.,  199.,  208.,  220.,  244.,  259.,  264.,
        292.,  301.,  342.,  361.,  368.,  381.,  384.,  392.,  409.,
        472.,  474.,  565.,  603.,  610.,  665.,  667.,  672.,  673.,
        742.,  750., 1348., 1354., 1379., 1782., 1854., 1880., 1899.,
       2026., 2165., 2284., 2346., 2474., 2883., 3240., 3700., 3707.])

badAddressFirstThousandish=array([0.000e+00, 1.000e+00, 2.000e+00, 3.000e+00, 7.000e+00, 2.500e+01,
       2.900e+01, 3.800e+01, 5.500e+01, 5.900e+01, 6.200e+01, 6.400e+01,
       6.600e+01, 7.200e+01, 7.600e+01, 8.500e+01, 9.400e+01, 9.500e+01,
       9.700e+01, 1.020e+02, 1.110e+02, 1.140e+02, 1.150e+02, 1.170e+02,
       1.280e+02, 1.340e+02, 1.350e+02, 1.400e+02, 1.410e+02, 1.440e+02,
       1.450e+02, 1.470e+02, 1.480e+02, 1.490e+02, 1.560e+02, 1.680e+02,
       1.730e+02, 1.750e+02, 1.760e+02, 1.770e+02, 1.780e+02, 1.800e+02,
       1.830e+02, 1.860e+02, 1.870e+02, 1.890e+02, 1.930e+02, 1.940e+02,
       1.950e+02, 2.010e+02, 2.210e+02, 2.250e+02, 2.260e+02, 2.300e+02,
       2.630e+02, 2.650e+02, 2.660e+02, 2.670e+02, 2.680e+02, 2.700e+02,
       2.880e+02, 2.890e+02, 2.990e+02, 3.020e+02, 3.060e+02, 3.080e+02,
       3.090e+02, 3.140e+02, 3.180e+02, 3.230e+02, 3.360e+02, 3.440e+02,
       3.460e+02, 3.500e+02, 3.520e+02, 3.530e+02, 3.540e+02, 3.550e+02,
       3.560e+02, 3.580e+02, 3.600e+02, 3.660e+02, 3.750e+02, 3.910e+02,
       3.970e+02, 3.990e+02, 4.000e+02, 4.110e+02, 4.180e+02, 4.190e+02,
       4.200e+02, 4.230e+02, 4.410e+02, 4.420e+02, 4.430e+02, 4.460e+02,
       4.480e+02, 4.500e+02, 4.580e+02, 4.600e+02, 4.640e+02, 4.650e+02,
       4.680e+02, 4.690e+02, 4.750e+02, 4.780e+02, 4.790e+02, 4.830e+02,
       4.840e+02, 4.870e+02, 4.980e+02, 5.020e+02, 5.080e+02, 5.110e+02,
       5.120e+02, 5.130e+02, 5.140e+02, 5.160e+02, 5.220e+02, 5.260e+02,
       5.290e+02, 5.300e+02, 5.310e+02, 5.350e+02, 5.360e+02, 5.380e+02,
       5.390e+02, 5.410e+02, 5.540e+02, 5.550e+02, 5.560e+02, 5.690e+02,
       5.710e+02, 5.730e+02, 5.750e+02, 5.850e+02, 5.890e+02, 5.930e+02,
       5.960e+02, 6.020e+02, 6.180e+02, 6.190e+02, 6.220e+02, 6.230e+02,
       6.250e+02, 6.330e+02, 6.370e+02, 6.470e+02, 6.480e+02, 6.490e+02,
       6.560e+02, 6.620e+02, 6.630e+02, 6.680e+02, 6.750e+02, 6.770e+02,
       6.780e+02, 6.790e+02, 6.800e+02, 6.810e+02, 6.830e+02, 6.840e+02,
       6.850e+02, 6.860e+02, 6.870e+02, 6.890e+02, 6.900e+02, 6.910e+02,
       6.920e+02, 6.930e+02, 6.940e+02, 6.950e+02, 6.960e+02, 6.970e+02,
       6.980e+02, 6.990e+02, 7.000e+02, 7.010e+02, 7.020e+02, 7.030e+02,
       7.040e+02, 7.050e+02, 7.060e+02, 7.070e+02, 7.080e+02, 7.090e+02,
       7.100e+02, 7.110e+02, 7.120e+02, 7.130e+02, 7.140e+02, 7.150e+02,
       7.160e+02, 7.170e+02, 7.180e+02, 7.190e+02, 7.200e+02, 7.210e+02,
       7.220e+02, 7.230e+02, 7.240e+02, 7.250e+02, 7.260e+02, 7.270e+02,
       7.280e+02, 7.290e+02, 7.300e+02, 7.310e+02, 7.320e+02, 7.330e+02,
       7.340e+02, 7.350e+02, 7.360e+02, 7.380e+02, 7.390e+02, 7.400e+02,
       7.410e+02, 7.430e+02, 7.440e+02, 7.450e+02, 7.460e+02, 7.470e+02,
       7.480e+02, 7.490e+02, 7.510e+02, 7.520e+02, 7.530e+02, 7.540e+02,
       7.550e+02, 7.560e+02, 7.570e+02, 7.580e+02, 7.590e+02, 7.600e+02,
       7.610e+02, 7.620e+02, 7.630e+02, 7.640e+02, 7.650e+02, 7.660e+02,
       7.670e+02, 7.680e+02, 7.690e+02, 7.700e+02, 7.710e+02, 7.720e+02,
       7.730e+02, 7.740e+02, 7.750e+02, 7.760e+02, 7.770e+02, 7.780e+02,
       7.790e+02, 7.800e+02, 7.810e+02, 7.820e+02, 7.830e+02, 7.840e+02,
       7.850e+02, 7.860e+02, 7.870e+02, 7.880e+02, 7.890e+02, 7.910e+02,
       7.920e+02, 7.930e+02, 7.940e+02, 7.950e+02, 7.960e+02, 7.970e+02,
       7.990e+02, 8.000e+02, 8.010e+02, 8.020e+02, 8.030e+02, 8.050e+02,
       8.060e+02, 8.070e+02, 8.080e+02, 8.090e+02, 8.100e+02, 8.110e+02,
       8.120e+02, 8.130e+02, 8.140e+02, 8.150e+02, 8.160e+02, 8.170e+02,
       8.180e+02, 8.190e+02, 8.200e+02, 8.220e+02, 8.230e+02, 8.240e+02,
       8.250e+02, 8.260e+02, 8.270e+02, 8.280e+02, 8.290e+02, 8.300e+02,
       8.310e+02, 8.320e+02, 8.330e+02, 8.340e+02, 8.350e+02, 8.360e+02,
       8.370e+02, 8.380e+02, 8.390e+02, 8.400e+02, 8.410e+02, 8.420e+02,
       8.430e+02, 8.440e+02, 8.450e+02, 8.460e+02, 8.470e+02, 8.480e+02,
       8.490e+02, 8.500e+02, 8.510e+02, 8.520e+02, 8.530e+02, 8.540e+02,
       8.550e+02, 8.560e+02, 8.570e+02, 8.580e+02, 8.590e+02, 8.600e+02,
       8.610e+02, 8.630e+02, 8.640e+02, 8.650e+02, 8.660e+02, 8.670e+02,
       8.680e+02, 8.690e+02, 8.700e+02, 8.710e+02, 8.720e+02, 8.730e+02,
       8.740e+02, 8.750e+02, 8.760e+02, 8.770e+02, 8.780e+02, 8.790e+02,
       8.800e+02, 8.810e+02, 8.820e+02, 8.830e+02, 8.840e+02, 8.850e+02,
       8.860e+02, 8.870e+02, 8.880e+02, 8.890e+02, 8.900e+02, 8.910e+02,
       8.920e+02, 8.930e+02, 8.940e+02, 8.950e+02, 8.960e+02, 8.970e+02,
       8.980e+02, 8.990e+02, 9.000e+02, 9.010e+02, 9.020e+02, 9.030e+02,
       9.040e+02, 9.050e+02, 9.060e+02, 9.070e+02, 9.080e+02, 9.090e+02,
       9.100e+02, 9.110e+02, 9.120e+02, 9.130e+02, 9.140e+02, 9.150e+02,
       9.160e+02, 9.170e+02, 9.180e+02, 9.190e+02, 9.210e+02, 9.220e+02,
       9.230e+02, 9.240e+02, 9.250e+02, 9.260e+02, 9.270e+02, 9.280e+02,
       9.300e+02, 9.310e+02, 9.320e+02, 9.330e+02, 9.340e+02, 9.350e+02,
       9.360e+02, 9.370e+02, 9.380e+02, 9.390e+02, 9.400e+02, 9.410e+02,
       9.420e+02, 9.430e+02, 9.440e+02, 9.450e+02, 9.460e+02, 9.470e+02,
       9.480e+02, 9.490e+02, 9.500e+02, 9.510e+02, 9.520e+02, 9.530e+02,
       9.540e+02, 9.550e+02, 9.560e+02, 9.570e+02, 9.580e+02, 9.590e+02,
       9.600e+02, 9.610e+02, 9.620e+02, 9.630e+02, 9.640e+02, 9.650e+02,
       9.660e+02, 9.680e+02, 9.690e+02, 9.700e+02, 9.710e+02, 9.720e+02,
       9.730e+02, 9.740e+02, 9.750e+02, 9.760e+02, 9.770e+02, 9.780e+02,
       9.800e+02, 9.810e+02, 9.820e+02, 9.830e+02, 9.840e+02, 9.850e+02,
       9.860e+02, 9.870e+02, 9.890e+02, 9.900e+02, 9.910e+02, 9.920e+02,
       9.930e+02, 9.950e+02, 9.960e+02, 9.970e+02, 9.980e+02, 9.990e+02,
       1.000e+03, 1.001e+03, 1.002e+03, 1.003e+03, 1.004e+03, 1.005e+03,
       1.007e+03, 1.008e+03, 1.009e+03, 1.010e+03, 1.011e+03, 1.013e+03,
       1.014e+03, 1.015e+03, 1.016e+03, 1.017e+03, 1.019e+03, 1.020e+03,
       1.021e+03, 1.022e+03, 1.023e+03, 1.024e+03, 1.025e+03, 1.026e+03,
       1.027e+03, 1.028e+03, 1.029e+03, 1.030e+03, 1.031e+03, 1.033e+03,
       1.034e+03, 1.035e+03, 1.036e+03, 1.037e+03, 1.038e+03, 1.039e+03,
       1.040e+03, 1.042e+03, 1.043e+03, 1.044e+03, 1.045e+03, 1.046e+03,
       1.047e+03, 1.048e+03, 1.049e+03, 1.051e+03, 1.052e+03, 1.053e+03,
       1.054e+03, 1.055e+03, 1.056e+03, 1.058e+03, 1.059e+03, 1.060e+03,
       1.061e+03, 1.062e+03, 1.064e+03, 1.065e+03, 1.066e+03, 1.067e+03,
       1.068e+03, 1.069e+03, 1.070e+03, 1.071e+03, 1.072e+03, 1.073e+03,
       1.074e+03, 1.075e+03, 1.076e+03, 1.078e+03, 1.079e+03, 1.080e+03,
       1.081e+03, 1.082e+03, 1.083e+03, 1.084e+03, 1.085e+03, 1.086e+03,
       1.087e+03, 1.088e+03, 1.089e+03, 1.090e+03, 1.091e+03, 1.092e+03,
       1.093e+03, 1.094e+03, 1.095e+03, 1.096e+03, 1.097e+03, 1.098e+03,
       1.099e+03, 1.100e+03, 1.101e+03, 1.102e+03, 1.103e+03, 1.104e+03,
       1.105e+03, 1.106e+03, 1.107e+03, 1.108e+03, 1.109e+03, 1.110e+03,
       1.111e+03, 1.112e+03, 1.113e+03, 1.114e+03, 1.115e+03, 1.117e+03,
       1.118e+03, 1.119e+03, 1.120e+03, 1.121e+03, 1.122e+03, 1.124e+03,
       1.125e+03, 1.126e+03, 1.127e+03, 1.128e+03, 1.129e+03, 1.130e+03,
       1.132e+03, 1.133e+03, 1.134e+03, 1.135e+03, 1.136e+03, 1.137e+03,
       1.138e+03, 1.139e+03, 1.141e+03, 1.142e+03, 1.143e+03, 1.144e+03,
       1.146e+03, 1.147e+03, 1.148e+03, 1.149e+03, 1.150e+03, 1.151e+03,
       1.152e+03, 1.153e+03, 1.155e+03, 1.156e+03, 1.157e+03, 1.158e+03,
       1.159e+03, 1.160e+03, 1.161e+03, 1.163e+03, 1.164e+03, 1.165e+03,
       1.166e+03, 1.167e+03, 1.169e+03, 1.170e+03, 1.171e+03, 1.172e+03,
       1.173e+03, 1.175e+03, 1.176e+03, 1.177e+03, 1.178e+03, 1.179e+03,
       1.180e+03, 1.181e+03, 1.182e+03, 1.183e+03, 1.184e+03, 1.185e+03,
       1.186e+03, 1.188e+03, 1.189e+03, 1.190e+03, 1.191e+03, 1.192e+03,
       1.194e+03, 1.195e+03, 1.196e+03, 1.197e+03, 1.198e+03, 1.199e+03,
       1.200e+03, 1.201e+03, 1.202e+03, 1.203e+03, 1.204e+03, 1.205e+03,
       1.206e+03, 1.207e+03, 1.208e+03, 1.209e+03, 1.210e+03, 1.211e+03,
       1.212e+03, 1.213e+03, 1.214e+03, 1.215e+03, 1.216e+03, 1.217e+03,
       1.218e+03, 1.219e+03, 1.220e+03, 1.221e+03, 1.222e+03, 1.223e+03,
       1.224e+03, 1.225e+03, 1.226e+03, 1.227e+03, 1.228e+03, 1.229e+03,
       1.230e+03, 1.231e+03, 1.232e+03, 1.233e+03, 1.234e+03, 1.235e+03,
       1.237e+03, 1.238e+03, 1.239e+03, 1.240e+03, 1.241e+03, 1.242e+03,
       1.243e+03, 1.244e+03, 1.245e+03, 1.246e+03, 1.247e+03, 1.248e+03,
       1.249e+03, 1.250e+03, 1.251e+03, 1.252e+03, 1.253e+03, 1.254e+03,
       1.255e+03, 1.256e+03, 1.257e+03, 1.258e+03, 1.259e+03, 1.260e+03,
       1.261e+03, 1.262e+03, 1.264e+03, 1.265e+03, 1.266e+03, 1.267e+03,
       1.268e+03, 1.269e+03, 1.270e+03, 1.271e+03, 1.272e+03, 1.273e+03,
       1.274e+03, 1.275e+03, 1.276e+03, 1.277e+03, 1.278e+03, 1.279e+03,
       1.280e+03, 1.281e+03, 1.282e+03, 1.283e+03, 1.284e+03, 1.285e+03,
       1.287e+03, 1.288e+03, 1.289e+03, 1.290e+03, 1.291e+03, 1.293e+03,
       1.294e+03, 1.295e+03, 1.296e+03, 1.297e+03, 1.298e+03, 1.299e+03,
       1.300e+03, 1.301e+03, 1.302e+03, 1.303e+03, 1.304e+03, 1.305e+03,
       1.306e+03, 1.307e+03, 1.309e+03, 1.310e+03, 1.311e+03, 1.312e+03,
       1.313e+03, 1.314e+03, 1.315e+03, 1.316e+03, 1.317e+03, 1.318e+03,
       1.319e+03, 1.320e+03, 1.321e+03, 1.322e+03, 1.323e+03, 1.324e+03,
       1.325e+03, 1.326e+03, 1.327e+03, 1.328e+03, 1.329e+03, 1.330e+03,
       1.331e+03, 1.332e+03, 1.333e+03, 1.334e+03, 1.335e+03, 1.336e+03,
       1.337e+03, 1.338e+03, 1.339e+03, 1.340e+03, 1.341e+03, 1.342e+03,
       1.343e+03, 1.344e+03, 1.345e+03, 1.346e+03, 1.347e+03, 1.349e+03,
       1.350e+03, 1.351e+03, 1.352e+03, 1.353e+03, 1.355e+03, 1.356e+03,
       1.357e+03, 1.358e+03, 1.359e+03, 1.360e+03, 1.361e+03, 1.362e+03,
       1.363e+03, 1.364e+03, 1.365e+03, 1.366e+03, 1.367e+03, 1.368e+03,
       1.370e+03, 1.371e+03, 1.372e+03, 1.373e+03, 1.374e+03, 1.375e+03,
       1.376e+03, 1.377e+03, 1.378e+03, 1.380e+03, 1.381e+03, 1.382e+03,
       1.383e+03, 1.384e+03, 1.385e+03, 1.386e+03, 1.387e+03, 1.388e+03,
       1.389e+03, 1.390e+03, 1.391e+03, 1.392e+03, 1.393e+03, 1.394e+03,
       1.395e+03, 1.396e+03, 1.397e+03, 1.398e+03, 1.399e+03, 1.400e+03,
       1.401e+03, 1.402e+03, 1.403e+03, 1.404e+03, 1.405e+03, 1.406e+03,
       1.407e+03, 1.408e+03, 1.409e+03, 1.410e+03, 1.411e+03, 1.412e+03,
       1.413e+03, 1.414e+03, 1.415e+03, 1.416e+03, 1.417e+03, 1.418e+03,
       1.419e+03, 1.420e+03, 1.421e+03, 1.422e+03, 1.423e+03, 1.424e+03,
       1.426e+03, 1.427e+03, 1.428e+03, 1.429e+03, 1.430e+03, 1.431e+03,
       1.432e+03, 1.433e+03, 1.434e+03, 1.436e+03, 1.437e+03, 1.438e+03,
       1.439e+03, 1.440e+03, 1.442e+03, 1.443e+03, 1.444e+03, 1.445e+03,
       1.446e+03, 1.447e+03, 1.448e+03, 1.450e+03, 1.451e+03, 1.452e+03,
       1.453e+03, 1.454e+03, 1.455e+03, 1.456e+03, 1.458e+03, 1.459e+03,
       1.460e+03, 1.461e+03, 1.462e+03, 1.463e+03, 1.464e+03, 1.465e+03,
       1.467e+03, 1.468e+03, 1.469e+03, 1.470e+03, 1.471e+03, 1.472e+03,
       1.473e+03, 1.474e+03, 1.475e+03, 1.476e+03, 1.477e+03, 1.478e+03,
       1.479e+03, 1.480e+03, 1.481e+03, 1.482e+03, 1.483e+03, 1.484e+03,
       1.486e+03, 1.487e+03, 1.488e+03, 1.489e+03, 1.490e+03, 1.491e+03,
       1.492e+03, 1.493e+03, 1.494e+03, 1.495e+03, 1.496e+03, 1.497e+03,
       1.498e+03, 1.499e+03, 1.500e+03, 1.501e+03, 1.502e+03, 1.503e+03,
       1.504e+03, 1.505e+03, 1.506e+03, 1.507e+03, 1.508e+03, 1.509e+03,
       1.510e+03, 1.511e+03, 1.512e+03, 1.513e+03, 1.514e+03, 1.515e+03,
       1.516e+03, 1.517e+03, 1.518e+03, 1.519e+03, 1.520e+03, 1.521e+03,
       1.522e+03, 1.523e+03, 1.524e+03, 1.526e+03, 1.527e+03, 1.528e+03,
       1.529e+03, 1.530e+03, 1.532e+03, 1.533e+03, 1.534e+03, 1.535e+03,
       1.536e+03, 1.537e+03, 1.538e+03, 1.539e+03, 1.540e+03, 1.541e+03,
       1.542e+03, 1.543e+03, 1.545e+03, 1.546e+03, 1.547e+03, 1.548e+03,
       1.549e+03, 1.551e+03, 1.552e+03, 1.553e+03, 1.554e+03, 1.555e+03,
       1.556e+03, 1.557e+03, 1.558e+03, 1.559e+03, 1.560e+03, 1.561e+03,
       1.562e+03, 1.563e+03, 1.564e+03, 1.565e+03, 1.566e+03, 1.567e+03,
       1.568e+03, 1.569e+03, 1.570e+03, 1.571e+03, 1.572e+03, 1.573e+03,
       1.574e+03, 1.575e+03, 1.576e+03, 1.577e+03])


